0008.42056 0000000066 0000000057 0086.51272 0050.40389 0058.11217 0000000090 0089.61152 0000000070 
0084.34944 0000000088 0000000018 0000000095 0087.15806 0000000008 0048.20926 0006.87207 0034.47090 0000000034 
0000000089 0096.83888 0000000000 0000000055 0000000019 0093.38268 0004.51959 0000000042 0000000082 0000000069 
0001.17973 0000000068 0035.25791 0000000086 0000000054 0000000077 0045.42816 0000000025 0017.42972 0000000083 
0000000092 0094.75241 0006.96870 0000000062 0067.21044 0000000075 0000000078 0000000062 0050.06359 0000000073 
0010.45667 0000000066 0024.36180 0031.51925 0053.16879 0049.11670 0000000094 0000000011 0000000030 0023.22800 
0080.01987 0000000034 0063.69171 0063.25483 0000000022 0000000014 0044.98505 0000000044 0000000043 0067.53306 
0009.84714 0000000086 0000000013 0000000002 0039.64673 0000000042 0024.00401 0050.54597 0000000073 0099.19052 
0000000080 0072.01619 0043.14898 0000000082 0036.50984 0000000018 0000000092 0068.16284 0021.66179 0001.44835 
0000000040 0000000028 0000000043 0023.45698 0000000008 0094.09158 0000000031 0092.72279 0051.22860 0059.23294 
0000000038 