356   739   12    153   660   854   190   382   785   62    
519   834   340   727   481   55    916   74    829   869   
916   226   174   111   488   824   615   523   775   474   
326   296   440   715   47    727   32    878   915   29    
302   967   899   572   33    661   395   751   267   636   
216   243   111   675   283   591   414   443   818   982   
716   390   732   569   827   962   217   893   270   209   
234   792   606   902   728   695   383   484   902   336   
989   530   830   738   266   907   993   793   90    494   
91    869   476   144   611   667   989   559   187   981   
344   872   749   96    156   42    825   329   704   606   
111   592   448   943   632   939   783   965   379   766   
173   71    287   697   377   273   859   240   959   649   
470   950   651   627   678   207   406   204   411   695   
208   847   956   334   770   731   105   701   266   934   
627   990   169   421   482   126   64    940   851   974   
36    460   86    484   868   395   163   229   819   679   
66    25    176   678   817   230   163   63    532   874   
995   988   976   10    65    399   568   498   306   795   
691   32    730   577   463   341   64    933   830   366   
129   313   952   719   372   709   393   864   492   319   
523   277   664   699   893   313   221   178   92    624   
32    93    706   752   968   462   591   956   51    762   
598   423   857   845   276   759   717   429   828   59    
105   235   797   918   357   584   514   460   506   204   
349   822   632   54    195   580   537   224   424   282   
995   346   742   561   68    482   5     368   205   192   
74    438   908   298   209   473   783   908   328   465   
686   409   721   199   498   479   424   273   792   640   
536   894   268   515   197   303   387   742   834   923   
73    464   523   246   689   393   25    4     757   735   
108   424   60    662   269   192   817   616   875   331   
601   425   19    338   559   142   122   788   262   526   
401   116   221   303   872   416   696   696   456   938   
930   231   99    395   354   485   573   350   617   272   
742   699   546   752   644   726   228   75    706   277   
475   463   751   362   876   105   249   887   458   820   
430   286   772   217   451   530   848   4     824   371   
58    178   679   701   375   25    258   587   912   305   
232   907   908   481   54    466   520   591   583   170   
866   214   627   120   801   965   906   453   775   162   
163   392   981   603   797   238   700   897   440   966   
381   403   382   696   550   648   571   527   48    44    
227   165   492   803   751   294   68    258   728   889   
950   172   274   519   696   219   908   229   947   541   
403   772   650   186   800   798   767   255   869   107   
198   802   829   232   169   887   63    420   886   685   
891   547   664   233   222   617   29    215   28    302   
562   171   150   376   325   654   899   8     806   144   
284   633   210   996   457   503   812   287   157   92    
812   196   514   247   816   478   547   346   618   660   
118   738   451   813   873   459   220   158   923   516   
566   294   644   69    752   539   967   456   498   740   
990   354   878   903   542   301   305   190   602   445   
453   119   86    662   690   323   612   113   208   832   
256   914   607   654   227   816   85    363   628   725   
787   540   157   432   74    132   686   144   666   256   
146   272   671   517   30    486   468   662   152   190   
328   271   978   449   412   226   982   881   485   913   
993   172   299   441   424   701   76    725   602   210   
960   877   184   586   602   252   738   603   292   411   
182   895   141   450   680   526   899   399   993   285   
908   881   22    206   540   798   501   913   234   589   
329   67    905   522   57    584   61    559   433   326   
436   547   693   643   338   911   521   470   188   529   
193   724   914   202   451   344   975   963   76    667   
795   502   971   794   273   144   785   189   892   129   
773   84    638   460   637   150   597   182   536   522   
610   775   335   483   829   285   418   34    355   930   
89    136   391   164   637   611   520   628   654   587   
762   965   94    860   55    222   825   787   686   457   
199   100   970   179   202   592   174   509   334   722   
292   234   263   36    768   495   617   760   679   508   
62    8     206   504   910   890   459   115   85    175   
823   521   230   302   60    3     76    242   322   959   
4     165   82    90    879   857   767   191   825   632   
493   919   605   766   922   978   659   597   692   390   
661   37    281   931   655   659   424   309   453   444   
427   415   998   3     785   796   808   330   556   523   
478   151   807   808   420   547   309   26    702   790   
361   300   870   294   244   437   116   144   367   792   
11    939   587   594   276   575   545   374   788   151   
113   391   33    401   203   390   778   939   270   562   
567   106   791   359   2     414   914   662   432   423   
219   866   820   361   266   637   60    986   168   464   
951   960   953   624   372   508   889   858   918   225   
247   890   446   697   226   873   476   12    868   30    
405   363   850   992   816   650   962   847   952   423   
947   476   604   559   116   532   233   767   835   341   
147   415   522   62    946   177   275   702   242   696   
663   938   882   783   430   266   509   706   125   682   
311   726   735   977   254   389   391   709   899   24    
164   108   174   530   755   499   84    816   619   285   
436   169   695   189   66    463   441   249   953   309   
326   992   871   202   274   345   889   251   804   83    
132   305   786   32    702   146   785   853   530   975   
955   909   280   577   301   663   72    398   942   51    
964   274   678   507   618   693   768   658   505   284   
347   219   354   699   287   295   271   172   666   118   
113   807   198   230   239   103   120   247   738   298   
